21000,
10500,
7000,
5250,
4200,
3500,
3000,
2625,
2333,
2100,
1909,
1750,
1615,
1500,
1400,
1313,
1235,
1167,
1105,
1050,
1000,
955,
913,
875,
840,
808,
778,
750,
724,
700,
677,
656,
636,
618,
600,
583,
568,
553,
538,
525,
512,
500,
488,
477,
467,
457,
447,
438,
429,
420,
412,
404,
396,
389,
382,
375,
368,
362,
356,
350,
344,
339,
333,
328,
323,
318,
313,
309,
304,
300,
296,
292,
288,
284,
280,
276,
273,
269,
266,
263,
259,
256,
253,
250,
247,
244,
241,
239,
236,
233,
231,
228,
226,
223,
221,
219,
216,
214,
212,
210,
208,
206,
204,
202,
200,
198,
196,
194,
193,
191,
189,
188,
186,
184,
183,
181,
179,
178,
176,
175,
174,
172,
171,
169,
168,
167,
165,
164,
163,
162,
160,
159,
158,
157,
156,
154,
153,
152,
151,
150,
149,
148,
147,
146,
145,
144,
143,
142,
141,
140,
139,
138,
137,
136,
135,
133,
131,
130,
128,
127,
125,
124,
122,
121,
119,
118,
117,
115,
114,
113,
112,
111,
109,
108,
107,
106,
105,
104,
103,
102,
101,
100,
99,
98,
97,
96,
95,
95,
94,
93,
92,
91,
90,
89,
88,
88,
87,
86,
85,
84
